{
  "accessors": [
    {
      "bufferView": 2,
      "componentType": 5126,
      "count": 24,
      "max": [
        -0.5,
        0.375,
        0.125
      ],
      "min": [
        -0.875,
        0.0,
        -0.25
      ],
      "type": "VEC3"
    },
    {
      "bufferView": 2,
      "byteOffset": 288,
      "componentType": 5126,
      "count": 24,
      "max": [
        1.0,
        1.0,
        1.0
      ],
      "min": [
        -1.0,
        -1.0,
        -1.0
      ],
      "type": "VEC3"
    },
    {
      "bufferView": 1,
      "componentType": 5126,
      "count": 24,
      "max": [
        0.3280029296875,
        0.4295654296875
      ],
      "min": [
        0.1407470703125,
        0.3360595703125
      ],
      "type": "VEC2"
    },
    {
      "bufferView": 0,
      "componentType": 5125,
      "count": 36,
      "type": "SCALAR"
    },
    {
      "bufferView": 2,
      "byteOffset": 576,
      "componentType": 5126,
      "count": 24,
      "max": [
        0.0625,
        0.875,
        0.75
      ],
      "min": [
        -0.3125,
        0.0,
        0.375
      ],
      "type": "VEC3"
    },
    {
      "bufferView": 2,
      "byteOffset": 864,
      "componentType": 5126,
      "count": 24,
      "max": [
        1.0,
        1.0,
        1.0
      ],
      "min": [
        -1.0,
        -1.0,
        -1.0
      ],
      "type": "VEC3"
    },
    {
      "bufferView": 1,
      "byteOffset": 192,
      "componentType": 5126,
      "count": 24,
      "max": [
        0.5780029296875,
        0.6483154296875
      ],
      "min": [
        0.3907470703125,
        0.4923095703125
      ],
      "type": "VEC2"
    },
    {
      "bufferView": 0,
      "byteOffset": 144,
      "componentType": 5125,
      "count": 36,
      "type": "SCALAR"
    },
    {
      "bufferView": 2,
      "byteOffset": 1152,
      "componentType": 5126,
      "count": 24,
      "max": [
        0.0,
        0.625,
        0.75
      ],
      "min": [
        -0.375,
        0.0,
        0.375
      ],
      "type": "VEC3"
    },
    {
      "bufferView": 2,
      "byteOffset": 1440,
      "componentType": 5126,
      "count": 24,
      "max": [
        1.0,
        1.0,
        1.0
      ],
      "min": [
        -1.0,
        -1.0,
        -1.0
      ],
      "type": "VEC3"
    },
    {
      "bufferView": 1,
      "byteOffset": 384,
      "componentType": 5126,
      "count": 24,
      "max": [
        0.1873779296875,
        0.5076904296875
      ],
      "min": [
        0.0001220703125,
        0.3829345703125
      ],
      "type": "VEC2"
    },
    {
      "bufferView": 0,
      "byteOffset": 288,
      "componentType": 5125,
      "count": 36,
      "type": "SCALAR"
    },
    {
      "bufferView": 2,
      "byteOffset": 1728,
      "componentType": 5126,
      "count": 24,
      "max": [
        0.0,
        0.5,
        0.8125
      ],
      "min": [
        -0.375,
        0.0,
        0.4375
      ],
      "type": "VEC3"
    },
    {
      "bufferView": 2,
      "byteOffset": 2016,
      "componentType": 5126,
      "count": 24,
      "max": [
        1.0,
        1.0,
        1.0
      ],
      "min": [
        -1.0,
        -1.0,
        -1.0
      ],
      "type": "VEC3"
    },
    {
      "bufferView": 1,
      "byteOffset": 576,
      "componentType": 5126,
      "count": 24,
      "max": [
        0.6561279296875,
        0.4920654296875
      ],
      "min": [
        0.4688720703125,
        0.3829345703125
      ],
      "type": "VEC2"
    },
    {
      "bufferView": 0,
      "byteOffset": 432,
      "componentType": 5125,
      "count": 36,
      "type": "SCALAR"
    },
    {
      "bufferView": 2,
      "byteOffset": 2304,
      "componentType": 5126,
      "count": 24,
      "max": [
        0.0625,
        1.0,
        1.25
      ],
      "min": [
        -0.3125,
        0.0,
        0.875
      ],
      "type": "VEC3"
    },
    {
      "bufferView": 2,
      "byteOffset": 2592,
      "componentType": 5126,
      "count": 24,
      "max": [
        1.0,
        1.0,
        1.0
      ],
      "min": [
        -1.0,
        -1.0,
        -1.0
      ],
      "type": "VEC3"
    },
    {
      "bufferView": 1,
      "byteOffset": 768,
      "componentType": 5126,
      "count": 24,
      "max": [
        0.4373779296875,
        0.7733154296875
      ],
      "min": [
        0.2501220703125,
        0.6016845703125
      ],
      "type": "VEC2"
    },
    {
      "bufferView": 0,
      "byteOffset": 576,
      "componentType": 5125,
      "count": 36,
      "type": "SCALAR"
    },
    {
      "bufferView": 2,
      "byteOffset": 2880,
      "componentType": 5126,
      "count": 24,
      "max": [
        0.0,
        0.5,
        1.0
      ],
      "min": [
        -0.375,
        0.0,
        0.625
      ],
      "type": "VEC3"
    },
    {
      "bufferView": 2,
      "byteOffset": 3168,
      "componentType": 5126,
      "count": 24,
      "max": [
        1.0,
        1.0,
        1.0
      ],
      "min": [
        -1.0,
        -1.0,
        -1.0
      ],
      "type": "VEC3"
    },
    {
      "bufferView": 1,
      "byteOffset": 960,
      "componentType": 5126,
      "count": 24,
      "max": [
        0.4686279296875,
        0.4920654296875
      ],
      "min": [
        0.2813720703125,
        0.3829345703125
      ],
      "type": "VEC2"
    },
    {
      "bufferView": 0,
      "byteOffset": 720,
      "componentType": 5125,
      "count": 36,
      "type": "SCALAR"
    },
    {
      "bufferView": 2,
      "byteOffset": 3456,
      "componentType": 5126,
      "count": 24,
      "max": [
        0.0,
        0.25,
        0.6875
      ],
      "min": [
        -0.375,
        0.0,
        0.3125
      ],
      "type": "VEC3"
    },
    {
      "bufferView": 2,
      "byteOffset": 3744,
      "componentType": 5126,
      "count": 24,
      "max": [
        1.0,
        1.0,
        1.0
      ],
      "min": [
        -1.0,
        -1.0,
        -1.0
      ],
      "type": "VEC3"
    },
    {
      "bufferView": 1,
      "byteOffset": 1152,
      "componentType": 5126,
      "count": 24,
      "max": [
        0.7655029296875,
        0.6014404296875
      ],
      "min": [
        0.5782470703125,
        0.5235595703125
      ],
      "type": "VEC2"
    },
    {
      "bufferView": 0,
      "byteOffset": 864,
      "componentType": 5125,
      "count": 36,
      "type": "SCALAR"
    },
    {
      "bufferView": 2,
      "byteOffset": 4032,
      "componentType": 5126,
      "count": 24,
      "max": [
        0.0625,
        0.125,
        1.3125
      ],
      "min": [
        -0.3125,
        0.0,
        0.9375
      ],
      "type": "VEC3"
    },
    {
      "bufferView": 2,
      "byteOffset": 4320,
      "componentType": 5126,
      "count": 24,
      "max": [
        1.0,
        1.0,
        1.0
      ],
      "min": [
        -1.0,
        -1.0,
        -1.0
      ],
      "type": "VEC3"
    },
    {
      "bufferView": 1,
      "byteOffset": 1344,
      "componentType": 5126,
      "count": 24,
      "max": [
        0.1873779296875,
        0.3826904296875
      ],
      "min": [
        0.0001220703125,
        0.3204345703125
      ],
      "type": "VEC2"
    },
    {
      "bufferView": 0,
      "byteOffset": 1008,
      "componentType": 5125,
      "count": 36,
      "type": "SCALAR"
    },
    {
      "bufferView": 2,
      "byteOffset": 4608,
      "componentType": 5126,
      "count": 24,
      "max": [
        0.0625,
        0.375,
        1.1875
      ],
      "min": [
        -0.3125,
        0.0,
        0.8125
      ],
      "type": "VEC3"
    },
    {
      "bufferView": 2,
      "byteOffset": 4896,
      "componentType": 5126,
      "count": 24,
      "max": [
        1.0,
        1.0,
        1.0
      ],
      "min": [
        -1.0,
        -1.0,
        -1.0
      ],
      "type": "VEC3"
    },
    {
      "bufferView": 1,
      "byteOffset": 1536,
      "componentType": 5126,
      "count": 24,
      "max": [
        0.7186279296875,
        0.7733154296875
      ],
      "min": [
        0.5313720703125,
        0.6798095703125
      ],
      "type": "VEC2"
    },
    {
      "bufferView": 0,
      "byteOffset": 1152,
      "componentType": 5125,
      "count": 36,
      "type": "SCALAR"
    },
    {
      "bufferView": 2,
      "byteOffset": 5184,
      "componentType": 5126,
      "count": 24,
      "max": [
        0.0,
        0.875,
        1.25
      ],
      "min": [
        -0.375,
        0.0,
        0.875
      ],
      "type": "VEC3"
    },
    {
      "bufferView": 2,
      "byteOffset": 5472,
      "componentType": 5126,
      "count": 24,
      "max": [
        1.0,
        1.0,
        1.0
      ],
      "min": [
        -1.0,
        -1.0,
        -1.0
      ],
      "type": "VEC3"
    },
    {
      "bufferView": 1,
      "byteOffset": 1728,
      "componentType": 5126,
      "count": 24,
      "max": [
        0.1873779296875,
        0.7264404296875
      ],
      "min": [
        0.0001220703125,
        0.5704345703125
      ],
      "type": "VEC2"
    },
    {
      "bufferView": 0,
      "byteOffset": 1296,
      "componentType": 5125,
      "count": 36,
      "type": "SCALAR"
    },
    {
      "bufferView": 2,
      "byteOffset": 5760,
      "componentType": 5126,
      "count": 24,
      "max": [
        0.0,
        0.75,
        1.375
      ],
      "min": [
        -0.375,
        0.0,
        1.0
      ],
      "type": "VEC3"
    },
    {
      "bufferView": 2,
      "byteOffset": 6048,
      "componentType": 5126,
      "count": 24,
      "max": [
        1.0,
        1.0,
        1.0
      ],
      "min": [
        -1.0,
        -1.0,
        -1.0
      ],
      "type": "VEC3"
    },
    {
      "bufferView": 1,
      "byteOffset": 1920,
      "componentType": 5126,
      "count": 24,
      "max": [
        0.3280029296875,
        0.6014404296875
      ],
      "min": [
        0.1407470703125,
        0.4610595703125
      ],
      "type": "VEC2"
    },
    {
      "bufferView": 0,
      "byteOffset": 1440,
      "componentType": 5125,
      "count": 36,
      "type": "SCALAR"
    },
    {
      "bufferView": 2,
      "byteOffset": 6336,
      "componentType": 5126,
      "count": 24,
      "max": [
        0.0,
        0.75,
        1.375
      ],
      "min": [
        -0.375,
        0.0,
        1.0
      ],
      "type": "VEC3"
    },
    {
      "bufferView": 2,
      "byteOffset": 6624,
      "componentType": 5126,
      "count": 24,
      "max": [
        1.0,
        1.0,
        1.0
      ],
      "min": [
        -1.0,
        -1.0,
        -1.0
      ],
      "type": "VEC3"
    },
    {
      "bufferView": 1,
      "byteOffset": 2112,
      "componentType": 5126,
      "count": 24,
      "max": [
        0.5780029296875,
        0.8670654296875
      ],
      "min": [
        0.3907470703125,
        0.7266845703125
      ],
      "type": "VEC2"
    },
    {
      "bufferView": 0,
      "byteOffset": 1584,
      "componentType": 5125,
      "count": 36,
      "type": "SCALAR"
    },
    {
      "bufferView": 2,
      "byteOffset": 6912,
      "componentType": 5126,
      "count": 24,
      "max": [
        0.0625,
        0.25,
        0.6875
      ],
      "min": [
        -0.3125,
        0.0,
        0.3125
      ],
      "type": "VEC3"
    },
    {
      "bufferView": 2,
      "byteOffset": 7200,
      "componentType": 5126,
      "count": 24,
      "max": [
        1.0,
        1.0,
        1.0
      ],
      "min": [
        -1.0,
        -1.0,
        -1.0
      ],
      "type": "VEC3"
    },
    {
      "bufferView": 1,
      "byteOffset": 2304,
      "componentType": 5126,
      "count": 24,
      "max": [
        0.7655029296875,
        0.8905029296875
      ],
      "min": [
        0.5782470703125,
        0.8126220703125
      ],
      "type": "VEC2"
    },
    {
      "bufferView": 0,
      "byteOffset": 1728,
      "componentType": 5125,
      "count": 36,
      "type": "SCALAR"
    },
    {
      "bufferView": 2,
      "byteOffset": 7488,
      "componentType": 5126,
      "count": 24,
      "max": [
        0.0625,
        0.125,
        0.9375
      ],
      "min": [
        -0.3125,
        0.0,
        0.5625
      ],
      "type": "VEC3"
    },
    {
      "bufferView": 2,
      "byteOffset": 7776,
      "componentType": 5126,
      "count": 24,
      "max": [
        1.0,
        1.0,
        1.0
      ],
      "min": [
        -1.0,
        -1.0,
        -1.0
      ],
      "type": "VEC3"
    },
    {
      "bufferView": 1,
      "byteOffset": 2496,
      "componentType": 5126,
      "count": 24,
      "max": [
        0.7967529296875,
        0.4295654296875
      ],
      "min": [
        0.6094970703125,
        0.3673095703125
      ],
      "type": "VEC2"
    },
    {
      "bufferView": 0,
      "byteOffset": 1872,
      "componentType": 5125,
      "count": 36,
      "type": "SCALAR"
    },
    {
      "bufferView": 2,
      "byteOffset": 8064,
      "componentType": 5126,
      "count": 24,
      "max": [
        0.0,
        0.25,
        1.0625
      ],
      "min": [
        -0.375,
        0.0,
        0.6875
      ],
      "type": "VEC3"
    },
    {
      "bufferView": 2,
      "byteOffset": 8352,
      "componentType": 5126,
      "count": 24,
      "max": [
        1.0,
        1.0,
        1.0
      ],
      "min": [
        -1.0,
        -1.0,
        -1.0
      ],
      "type": "VEC3"
    },
    {
      "bufferView": 1,
      "byteOffset": 2688,
      "componentType": 5126,
      "count": 24,
      "max": [
        0.7186279296875,
        0.6795654296875
      ],
      "min": [
        0.5313720703125,
        0.6016845703125
      ],
      "type": "VEC2"
    },
    {
      "bufferView": 0,
      "byteOffset": 2016,
      "componentType": 5125,
      "count": 36,
      "type": "SCALAR"
    },
    {
      "bufferView": 2,
      "byteOffset": 8640,
      "componentType": 5126,
      "count": 24,
      "max": [
        0.0625,
        0.5,
        0.9375
      ],
      "min": [
        -0.3125,
        0.0,
        0.5625
      ],
      "type": "VEC3"
    },
    {
      "bufferView": 2,
      "byteOffset": 8928,
      "componentType": 5126,
      "count": 24,
      "max": [
        1.0,
        1.0,
        1.0
      ],
      "min": [
        -1.0,
        -1.0,
        -1.0
      ],
      "type": "VEC3"
    },
    {
      "bufferView": 1,
      "byteOffset": 2880,
      "componentType": 5126,
      "count": 24,
      "max": [
        0.6717529296875,
        0.9998779296875
      ],
      "min": [
        0.4844970703125,
        0.8907470703125
      ],
      "type": "VEC2"
    },
    {
      "bufferView": 0,
      "byteOffset": 2160,
      "componentType": 5125,
      "count": 36,
      "type": "SCALAR"
    },
    {
      "bufferView": 2,
      "byteOffset": 9216,
      "componentType": 5126,
      "count": 24,
      "max": [
        0.0,
        0.125,
        1.0625
      ],
      "min": [
        -0.375,
        0.0,
        0.6875
      ],
      "type": "VEC3"
    },
    {
      "bufferView": 2,
      "byteOffset": 9504,
      "componentType": 5126,
      "count": 24,
      "max": [
        1.0,
        1.0,
        1.0
      ],
      "min": [
        -1.0,
        -1.0,
        -1.0
      ],
      "type": "VEC3"
    },
    {
      "bufferView": 1,
      "byteOffset": 3072,
      "componentType": 5126,
      "count": 24,
      "max": [
        0.7967529296875,
        0.5233154296875
      ],
      "min": [
        0.6094970703125,
        0.4610595703125
      ],
      "type": "VEC2"
    },
    {
      "bufferView": 0,
      "byteOffset": 2304,
      "componentType": 5125,
      "count": 36,
      "type": "SCALAR"
    },
    {
      "bufferView": 2,
      "byteOffset": 9792,
      "componentType": 5126,
      "count": 24,
      "max": [
        0.3125,
        0.125,
        1.4375
      ],
      "min": [
        -0.4375,
        0.0,
        1.0
      ],
      "type": "VEC3"
    },
    {
      "bufferView": 2,
      "byteOffset": 10080,
      "componentType": 5126,
      "count": 24,
      "max": [
        1.0,
        1.0,
        1.0
      ],
      "min": [
        -1.0,
        -1.0,
        -1.0
      ],
      "type": "VEC3"
    },
    {
      "bufferView": 1,
      "byteOffset": 3264,
      "componentType": 5126,
      "count": 24,
      "max": [
        0.5389404296875,
        0.9373779296875
      ],
      "min": [
        0.2423095703125,
        0.8673095703125
      ],
      "type": "VEC2"
    },
    {
      "bufferView": 0,
      "byteOffset": 2448,
      "componentType": 5125,
      "count": 36,
      "type": "SCALAR"
    },
    {
      "bufferView": 2,
      "byteOffset": 10368,
      "componentType": 5126,
      "count": 24,
      "max": [
        0.125,
        0.125,
        1.4375
      ],
      "min": [
        -0.625,
        0.0,
        1.0
      ],
      "type": "VEC3"
    },
    {
      "bufferView": 2,
      "byteOffset": 10656,
      "componentType": 5126,
      "count": 24,
      "max": [
        1.0,
        1.0,
        1.0
      ],
      "min": [
        -1.0,
        -1.0,
        -1.0
      ],
      "type": "VEC3"
    },
    {
      "bufferView": 1,
      "byteOffset": 3456,
      "componentType": 5126,
      "count": 24,
      "max": [
        0.2967529296875,
        0.7967529296875
      ],
      "min": [
        0.0001220703125,
        0.7266845703125
      ],
      "type": "VEC2"
    },
    {
      "bufferView": 0,
      "byteOffset": 2592,
      "componentType": 5125,
      "count": 36,
      "type": "SCALAR"
    },
    {
      "bufferView": 2,
      "byteOffset": 10944,
      "componentType": 5126,
      "count": 24,
      "max": [
        0.3125,
        0.25,
        1.625
      ],
      "min": [
        -0.4375,
        0.0,
        1.1875
      ],
      "type": "VEC3"
    },
    {
      "bufferView": 2,
      "byteOffset": 11232,
      "componentType": 5126,
      "count": 24,
      "max": [
        1.0,
        1.0,
        1.0
      ],
      "min": [
        -1.0,
        -1.0,
        -1.0
      ],
      "type": "VEC3"
    },
    {
      "bufferView": 1,
      "byteOffset": 3648,
      "componentType": 5126,
      "count": 24,
      "max": [
        0.2967529296875,
        0.8826904296875
      ],
      "min": [
        0.0001220703125,
        0.7969970703125
      ],
      "type": "VEC2"
    },
    {
      "bufferView": 0,
      "byteOffset": 2736,
      "componentType": 5125,
      "count": 36,
      "type": "SCALAR"
    },
    {
      "bufferView": 2,
      "byteOffset": 11520,
      "componentType": 5126,
      "count": 24,
      "max": [
        0.25,
        0.5,
        1.5
      ],
      "min": [
        -0.5,
        0.0,
        1.0625
      ],
      "type": "VEC3"
    },
    {
      "bufferView": 2,
      "byteOffset": 11808,
      "componentType": 5126,
      "count": 24,
      "max": [
        1.0,
        1.0,
        1.0
      ],
      "min": [
        -1.0,
        -1.0,
        -1.0
      ],
      "type": "VEC3"
    },
    {
      "bufferView": 1,
      "byteOffset": 3840,
      "componentType": 5126,
      "count": 24,
      "max": [
        0.2967529296875,
        0.9998779296875
      ],
      "min": [
        0.0001220703125,
        0.8829345703125
      ],
      "type": "VEC2"
    },
    {
      "bufferView": 0,
      "byteOffset": 2880,
      "componentType": 5125,
      "count": 36,
      "type": "SCALAR"
    },
    {
      "bufferView": 2,
      "byteOffset": 12096,
      "componentType": 5126,
      "count": 24,
      "max": [
        0.4375,
        0.006312500219792128,
        0.0
      ],
      "min": [
        -0.3125,
        0.0062500000931322575,
        -0.4375
      ],
      "type": "VEC3"
    },
    {
      "bufferView": 2,
      "byteOffset": 12384,
      "componentType": 5126,
      "count": 24,
      "max": [
        1.0,
        1.0,
        1.0
      ],
      "min": [
        -1.0,
        -1.0,
        -1.0
      ],
      "type": "VEC3"
    },
    {
      "bufferView": 1,
      "byteOffset": 4032,
      "componentType": 5126,
      "count": 24,
      "max": [
        0.4842529296875,
        0.9998779296875
      ],
      "min": [
        0.1876220703125,
        0.9451904296875
      ],
      "type": "VEC2"
    },
    {
      "bufferView": 0,
      "byteOffset": 3024,
      "componentType": 5125,
      "count": 36,
      "type": "SCALAR"
    }
  ],
  "asset": {
    "extras": {
      "author": "SundayLazy (https://sketchfab.com/Priadjie25)",
      "license": "CC-BY-SA-4.0 (http://creativecommons.org/licenses/by-sa/4.0/)",
      "source": "https://sketchfab.com/3d-models/coins-and-money-828af77066764effb5ad3eca6ac7c50d",
      "title": "Coins And Money"
    },
    "generator": "Sketchfab-14.57.0",
    "version": "2.0"
  },
  "bufferViews": [
    {
      "buffer": 0,
      "byteLength": 3168,
      "name": "floatBufferViews",
      "target": 34963
    },
    {
      "buffer": 0,
      "byteLength": 4224,
      "byteOffset": 3168,
      "byteStride": 8,
      "name": "floatBufferViews",
      "target": 34962
    },
    {
      "buffer": 0,
      "byteLength": 12672,
      "byteOffset": 7392,
      "byteStride": 12,
      "name": "floatBufferViews",
      "target": 34962
    }
  ],
  "buffers": [
    {
      "byteLength": 20064,
      "uri": "scene.bin"
    }
  ],
  "images": [
    {
      "uri": "textures/material_0_baseColor.png"
    }
  ],
  "materials": [
    {
      "alphaCutoff": 0.05,
      "alphaMode": "MASK",
      "doubleSided": true,
      "name": "material_0",
      "pbrMetallicRoughness": {
        "baseColorTexture": {
          "index": 0
        },
        "metallicFactor": 0.0
      }
    }
  ],
  "meshes": [
    {
      "name": "Object_0",
      "primitives": [
        {
          "attributes": {
            "NORMAL": 1,
            "POSITION": 0,
            "TEXCOORD_0": 2
          },
          "indices": 3,
          "material": 0,
          "mode": 4
        }
      ]
    },
    {
      "name": "Object_1",
      "primitives": [
        {
          "attributes": {
            "NORMAL": 5,
            "POSITION": 4,
            "TEXCOORD_0": 6
          },
          "indices": 7,
          "material": 0,
          "mode": 4
        }
      ]
    },
    {
      "name": "Object_2",
      "primitives": [
        {
          "attributes": {
            "NORMAL": 9,
            "POSITION": 8,
            "TEXCOORD_0": 10
          },
          "indices": 11,
          "material": 0,
          "mode": 4
        }
      ]
    },
    {
      "name": "Object_3",
      "primitives": [
        {
          "attributes": {
            "NORMAL": 13,
            "POSITION": 12,
            "TEXCOORD_0": 14
          },
          "indices": 15,
          "material": 0,
          "mode": 4
        }
      ]
    },
    {
      "name": "Object_4",
      "primitives": [
        {
          "attributes": {
            "NORMAL": 17,
            "POSITION": 16,
            "TEXCOORD_0": 18
          },
          "indices": 19,
          "material": 0,
          "mode": 4
        }
      ]
    },
    {
      "name": "Object_5",
      "primitives": [
        {
          "attributes": {
            "NORMAL": 21,
            "POSITION": 20,
            "TEXCOORD_0": 22
          },
          "indices": 23,
          "material": 0,
          "mode": 4
        }
      ]
    },
    {
      "name": "Object_6",
      "primitives": [
        {
          "attributes": {
            "NORMAL": 25,
            "POSITION": 24,
            "TEXCOORD_0": 26
          },
          "indices": 27,
          "material": 0,
          "mode": 4
        }
      ]
    },
    {
      "name": "Object_7",
      "primitives": [
        {
          "attributes": {
            "NORMAL": 29,
            "POSITION": 28,
            "TEXCOORD_0": 30
          },
          "indices": 31,
          "material": 0,
          "mode": 4
        }
      ]
    },
    {
      "name": "Object_8",
      "primitives": [
        {
          "attributes": {
            "NORMAL": 33,
            "POSITION": 32,
            "TEXCOORD_0": 34
          },
          "indices": 35,
          "material": 0,
          "mode": 4
        }
      ]
    },
    {
      "name": "Object_9",
      "primitives": [
        {
          "attributes": {
            "NORMAL": 37,
            "POSITION": 36,
            "TEXCOORD_0": 38
          },
          "indices": 39,
          "material": 0,
          "mode": 4
        }
      ]
    },
    {
      "name": "Object_10",
      "primitives": [
        {
          "attributes": {
            "NORMAL": 41,
            "POSITION": 40,
            "TEXCOORD_0": 42
          },
          "indices": 43,
          "material": 0,
          "mode": 4
        }
      ]
    },
    {
      "name": "Object_11",
      "primitives": [
        {
          "attributes": {
            "NORMAL": 45,
            "POSITION": 44,
            "TEXCOORD_0": 46
          },
          "indices": 47,
          "material": 0,
          "mode": 4
        }
      ]
    },
    {
      "name": "Object_12",
      "primitives": [
        {
          "attributes": {
            "NORMAL": 49,
            "POSITION": 48,
            "TEXCOORD_0": 50
          },
          "indices": 51,
          "material": 0,
          "mode": 4
        }
      ]
    },
    {
      "name": "Object_13",
      "primitives": [
        {
          "attributes": {
            "NORMAL": 53,
            "POSITION": 52,
            "TEXCOORD_0": 54
          },
          "indices": 55,
          "material": 0,
          "mode": 4
        }
      ]
    },
    {
      "name": "Object_14",
      "primitives": [
        {
          "attributes": {
            "NORMAL": 57,
            "POSITION": 56,
            "TEXCOORD_0": 58
          },
          "indices": 59,
          "material": 0,
          "mode": 4
        }
      ]
    },
    {
      "name": "Object_15",
      "primitives": [
        {
          "attributes": {
            "NORMAL": 61,
            "POSITION": 60,
            "TEXCOORD_0": 62
          },
          "indices": 63,
          "material": 0,
          "mode": 4
        }
      ]
    },
    {
      "name": "Object_16",
      "primitives": [
        {
          "attributes": {
            "NORMAL": 65,
            "POSITION": 64,
            "TEXCOORD_0": 66
          },
          "indices": 67,
          "material": 0,
          "mode": 4
        }
      ]
    },
    {
      "name": "Object_17",
      "primitives": [
        {
          "attributes": {
            "NORMAL": 69,
            "POSITION": 68,
            "TEXCOORD_0": 70
          },
          "indices": 71,
          "material": 0,
          "mode": 4
        }
      ]
    },
    {
      "name": "Object_18",
      "primitives": [
        {
          "attributes": {
            "NORMAL": 73,
            "POSITION": 72,
            "TEXCOORD_0": 74
          },
          "indices": 75,
          "material": 0,
          "mode": 4
        }
      ]
    },
    {
      "name": "Object_19",
      "primitives": [
        {
          "attributes": {
            "NORMAL": 77,
            "POSITION": 76,
            "TEXCOORD_0": 78
          },
          "indices": 79,
          "material": 0,
          "mode": 4
        }
      ]
    },
    {
      "name": "Object_20",
      "primitives": [
        {
          "attributes": {
            "NORMAL": 81,
            "POSITION": 80,
            "TEXCOORD_0": 82
          },
          "indices": 83,
          "material": 0,
          "mode": 4
        }
      ]
    },
    {
      "name": "Object_21",
      "primitives": [
        {
          "attributes": {
            "NORMAL": 85,
            "POSITION": 84,
            "TEXCOORD_0": 86
          },
          "indices": 87,
          "material": 0,
          "mode": 4
        }
      ]
    }
  ],
  "nodes": [
    {
      "children": [
        1
      ],
      "matrix": [
        1.0,
        0.0,
        0.0,
        0.0,
        0.0,
        2.220446049250313e-16,
        -1.0,
        0.0,
        0.0,
        1.0,
        2.220446049250313e-16,
        0.0,
        0.0,
        0.0,
        0.0,
        1.0
      ],
      "name": "Sketchfab_model"
    },
    {
      "children": [
        2
      ],
      "name": "root"
    },
    {
      "children": [
        3
      ],
      "matrix": [
        1.0,
        0.0,
        0.0,
        0.0,
        0.0,
        2.220446049250313e-16,
        1.0,
        0.0,
        0.0,
        -1.0,
        2.220446049250313e-16,
        0.0,
        0.0,
        0.0,
        0.0,
        1.0
      ],
      "name": "GLTF_SceneRootNode"
    },
    {
      "children": [
        4,
        6,
        8,
        10,
        12,
        14,
        16,
        18,
        20,
        22,
        24,
        26,
        28,
        30,
        32,
        34,
        36,
        38,
        40,
        42,
        44,
        46
      ],
      "name": "_22"
    },
    {
      "children": [
        5
      ],
      "name": "cube_0"
    },
    {
      "mesh": 0,
      "name": "Object_5"
    },
    {
      "children": [
        7
      ],
      "matrix": [
        0.9537169499847745,
        0.0,
        0.3007058019256349,
        0.0,
        -0.0,
        1.0,
        0.0,
        0.0,
        -0.3007058019256349,
        -0.0,
        0.9537169499847745,
        0.0,
        0.0,
        0.0,
        0.0,
        1.0
      ],
      "name": "cube_1"
    },
    {
      "mesh": 1,
      "name": "Object_7"
    },
    {
      "children": [
        9
      ],
      "matrix": [
        0.766044428323831,
        0.0,
        -0.6427876273187085,
        0.0,
        0.0,
        1.0,
        0.0,
        0.0,
        0.6427876273187085,
        0.0,
        0.766044428323831,
        0.0,
        0.0,
        0.0,
        0.0,
        1.0
      ],
      "name": "cube_2"
    },
    {
      "mesh": 2,
      "name": "Object_9"
    },
    {
      "children": [
        11
      ],
      "matrix": [
        0.30070575003379185,
        0.0,
        -0.9537169663462084,
        0.0,
        0.0,
        1.0,
        0.0,
        0.0,
        0.9537169663462084,
        0.0,
        0.30070575003379185,
        0.0,
        0.0,
        0.0,
        0.0,
        1.0
      ],
      "name": "cube_3"
    },
    {
      "mesh": 3,
      "name": "Object_11"
    },
    {
      "children": [
        13
      ],
      "matrix": [
        0.9537169499847745,
        0.0,
        -0.3007058019256349,
        0.0,
        0.0,
        1.0,
        0.0,
        0.0,
        0.3007058019256349,
        0.0,
        0.9537169499847745,
        0.0,
        0.0,
        0.0,
        0.0,
        1.0
      ],
      "name": "cube_4"
    },
    {
      "mesh": 4,
      "name": "Object_13"
    },
    {
      "children": [
        15
      ],
      "matrix": [
        -0.906307782408523,
        0.0,
        -0.42261827166574967,
        0.0,
        0.0,
        1.0,
        0.0,
        0.0,
        0.42261827166574967,
        0.0,
        -0.906307782408523,
        0.0,
        0.0,
        0.0,
        0.0,
        1.0
      ],
      "name": "cube_5"
    },
    {
      "mesh": 5,
      "name": "Object_15"
    },
    {
      "children": [
        17
      ],
      "matrix": [
        -0.7071067739978438,
        0.0,
        0.7071067883752514,
        0.0,
        -0.0,
        1.0,
        0.0,
        0.0,
        -0.7071067883752514,
        -0.0,
        -0.7071067739978438,
        0.0,
        0.0,
        0.0,
        0.0,
        1.0
      ],
      "name": "cube_6"
    },
    {
      "mesh": 6,
      "name": "Object_17"
    },
    {
      "children": [
        19
      ],
      "matrix": [
        -0.49999998653882605,
        0.0,
        -0.8660254115562508,
        0.0,
        0.0,
        1.0,
        0.0,
        0.0,
        0.8660254115562508,
        0.0,
        -0.49999998653882605,
        0.0,
        0.0,
        0.0,
        0.0,
        1.0
      ],
      "name": "cube_7"
    },
    {
      "mesh": 7,
      "name": "Object_19"
    },
    {
      "children": [
        21
      ],
      "matrix": [
        -0.9914448624810361,
        0.0,
        0.13052618380983907,
        0.0,
        -0.0,
        1.0,
        0.0,
        0.0,
        -0.13052618380983907,
        -0.0,
        -0.9914448624810361,
        0.0,
        0.0,
        0.0,
        0.0,
        1.0
      ],
      "name": "cube_8"
    },
    {
      "mesh": 8,
      "name": "Object_21"
    },
    {
      "children": [
        23
      ],
      "matrix": [
        -0.8191520482471553,
        0.0,
        0.5735764306982024,
        0.0,
        -0.0,
        1.0,
        0.0,
        0.0,
        -0.5735764306982024,
        -0.0,
        -0.8191520482471553,
        0.0,
        0.0,
        0.0,
        0.0,
        1.0
      ],
      "name": "cube_9"
    },
    {
      "mesh": 9,
      "name": "Object_23"
    },
    {
      "children": [
        25
      ],
      "matrix": [
        -0.17364813235510845,
        0.0,
        0.9848077610019037,
        0.0,
        -0.0,
        1.0,
        0.0,
        0.0,
        -0.9848077610019037,
        -0.0,
        -0.17364813235510845,
        0.0,
        0.0,
        0.0,
        0.0,
        1.0
      ],
      "name": "cube_10"
    },
    {
      "mesh": 10,
      "name": "Object_25"
    },
    {
      "children": [
        27
      ],
      "matrix": [
        0.08715571824013701,
        0.0,
        -0.9961947002358755,
        0.0,
        0.0,
        1.0,
        0.0,
        0.0,
        0.9961947002358755,
        0.0,
        0.08715571824013701,
        0.0,
        0.0,
        0.0,
        0.0,
        1.0
      ],
      "name": "cube_11"
    },
    {
      "mesh": 11,
      "name": "Object_27"
    },
    {
      "children": [
        29
      ],
      "matrix": [
        -0.766044428323831,
        0.0,
        -0.6427876273187085,
        0.0,
        0.0,
        1.0,
        0.0,
        0.0,
        0.6427876273187085,
        0.0,
        -0.766044428323831,
        0.0,
        0.0,
        0.0,
        0.0,
        1.0
      ],
      "name": "cube_12"
    },
    {
      "mesh": 12,
      "name": "Object_29"
    },
    {
      "children": [
        31
      ],
      "matrix": [
        -0.17364813235510845,
        0.0,
        -0.9848077610019037,
        0.0,
        0.0,
        1.0,
        0.0,
        0.0,
        0.9848077610019037,
        0.0,
        -0.17364813235510845,
        0.0,
        0.0,
        0.0,
        0.0,
        1.0
      ],
      "name": "cube_13"
    },
    {
      "mesh": 13,
      "name": "Object_31"
    },
    {
      "children": [
        33
      ],
      "matrix": [
        0.6427876174094396,
        0.0,
        -0.7660444366386953,
        0.0,
        0.0,
        1.0,
        0.0,
        0.0,
        0.7660444366386953,
        0.0,
        0.6427876174094396,
        0.0,
        0.0,
        0.0,
        0.0,
        1.0
      ],
      "name": "cube_14"
    },
    {
      "mesh": 14,
      "name": "Object_33"
    },
    {
      "children": [
        35
      ],
      "matrix": [
        0.6755902105403653,
        0.0,
        0.7372773341301256,
        0.0,
        -0.0,
        1.0,
        0.0,
        0.0,
        -0.7372773341301256,
        -0.0,
        0.6755902105403653,
        0.0,
        0.0,
        0.0,
        0.0,
        1.0
      ],
      "name": "cube_15"
    },
    {
      "mesh": 15,
      "name": "Object_35"
    },
    {
      "children": [
        37
      ],
      "matrix": [
        -0.4617486075626296,
        0.0,
        0.8870108361310884,
        0.0,
        -0.0,
        1.0,
        0.0,
        0.0,
        -0.8870108361310884,
        -0.0,
        -0.4617486075626296,
        0.0,
        0.0,
        0.0,
        0.0,
        1.0
      ],
      "name": "cube_16"
    },
    {
      "mesh": 16,
      "name": "Object_37"
    },
    {
      "children": [
        39
      ],
      "matrix": [
        0.38268339696458353,
        0.0,
        0.9238795471746557,
        0.0,
        -0.0,
        1.0,
        0.0,
        0.0,
        -0.9238795471746557,
        -0.0,
        0.38268339696458353,
        0.0,
        0.0,
        0.0,
        0.0,
        1.0
      ],
      "name": "cube_17"
    },
    {
      "mesh": 17,
      "name": "Object_39"
    },
    {
      "children": [
        41
      ],
      "matrix": [
        -0.9238795268167603,
        0.0,
        -0.38268344611289284,
        0.0,
        0.0,
        1.0,
        0.0,
        0.0,
        0.38268344611289284,
        0.0,
        -0.9238795268167603,
        0.0,
        0.0,
        0.0,
        0.0,
        1.0
      ],
      "name": "cube_18"
    },
    {
      "mesh": 18,
      "name": "Object_41"
    },
    {
      "children": [
        43
      ],
      "matrix": [
        0.7071067739978436,
        0.0,
        -0.7071067883752514,
        0.0,
        0.0,
        1.0,
        0.0,
        0.0,
        0.7071067883752514,
        0.0,
        0.7071067739978436,
        0.0,
        0.0,
        0.0,
        0.0,
        1.0
      ],
      "name": "cube_19"
    },
    {
      "mesh": 19,
      "name": "Object_43"
    },
    {
      "children": [
        45
      ],
      "matrix": [
        0.9396926174059803,
        0.0,
        0.34202015261194463,
        0.0,
        -0.0,
        1.0,
        0.0,
        0.0,
        -0.34202015261194463,
        -0.0,
        0.9396926174059803,
        0.0,
        0.0,
        0.0,
        0.0,
        1.0
      ],
      "name": "cube_20"
    },
    {
      "mesh": 20,
      "name": "Object_45"
    },
    {
      "children": [
        47
      ],
      "matrix": [
        -0.9238795268167603,
        0.0,
        -0.38268344611289284,
        0.0,
        0.0,
        1.0,
        0.0,
        0.0,
        0.38268344611289284,
        0.0,
        -0.9238795268167603,
        0.0,
        0.0,
        0.0,
        0.0,
        1.0
      ],
      "name": "cube_21"
    },
    {
      "mesh": 21,
      "name": "Object_47"
    }
  ],
  "samplers": [
    {
      "magFilter": 9728,
      "minFilter": 9728,
      "wrapS": 33071,
      "wrapT": 33071
    }
  ],
  "scene": 0,
  "scenes": [
    {
      "name": "Sketchfab_Scene",
      "nodes": [
        0
      ]
    }
  ],
  "textures": [
    {
      "sampler": 0,
      "source": 0
    }
  ]
}
